22 0.27734375 0.71171875 0.3515625 0.509375
19 0.36484375 0.5375 0.165625 0.2625
21 0.4765625 0.47109375 0.1015625 0.125
15 0.56796875 0.4640625 0.1046875 0.1484375
22 0.5734375 0.30546875 0.1359375 0.125
11 0.665625 0.6140625 0.1890625 0.2078125
22 0.45703125 0.60859375 0.11875 0.1984375
14 0.5046875 0.64921875 0.178125 0.1515625
27 0.4921875 0.8265625 0.29375 0.346875
26 0.71953125 0.78203125 0.3046875 0.24375
30 0.7015625 0.9046875 0.203125 0.190625
30 0.86875 0.89453125 0.178125 0.2109375
0 0.8234375 0.48671875 0.2296875 0.471875