22 0.43359375 0.2265625 0.1953125 0.2890625
22 0.6578125 0.7671875 0.3640625 0.465625
21 0.52734375 0.46484375 0.1171875 0.15625
11 0.3046875 0.5625 0.2109375 0.1875
22 0.5 0.609375 0.109375 0.15625
14 0.44140625 0.609375 0.1484375 0.140625
27 0.41015625 0.80234375 0.2890625 0.3953125
27 0.2125 0.696875 0.29375 0.23125
30 0.1859375 0.8265625 0.2 0.2078125
30 0.0625 0.7671875 0.125 0.2234375
0 0.1875 0.3890625 0.21875 0.45
15 0.446875 0.4390625 0.090625 0.184375
19 0.6265625 0.571875 0.1609375 0.2625