22 0.47265625 0.221875 0.2296875 0.3046875
22 0.61875 0.7703125 0.415625 0.459375
21 0.53125 0.4703125 0.134375 0.1671875
11 0.296875 0.53515625 0.2296875 0.2109375
22 0.4859375 0.60546875 0.1234375 0.165625
14 0.4265625 0.59921875 0.1609375 0.153125
27 0.3703125 0.790625 0.334375 0.41875
27 0.18828125 0.65625 0.3125 0.259375
30 0.1453125 0.78046875 0.221875 0.228125
30 0.05234375 0.69921875 0.1046875 0.2421875
0 0.20859375 0.34765625 0.2734375 0.4578125
15 0.45625 0.43046875 0.1140625 0.190625
19 0.61484375 0.58828125 0.1921875 0.2734375