22 0.696875 0.7359375 0.428125 0.528125
21 0.51171875 0.4703125 0.1625 0.1828125
22 0.528125 0.61015625 0.14375 0.2171875
22 0.41484375 0.2890625 0.153125 0.1703125
15 0.43671875 0.44375 0.1671875 0.2203125
19 0.634375 0.54375 0.2109375 0.284375
14 0.47421875 0.63828125 0.2046875 0.1875
27 0.465625 0.8140625 0.328125 0.371875
11 0.30625 0.61484375 0.228125 0.221875
0 0.1875 0.43125 0.3171875 0.496875
26 0.246875 0.7546875 0.328125 0.2859375
30 0.246875 0.871875 0.2359375 0.2203125
30 0.09453125 0.85 0.1890625 0.215625