22 0.29609375 0.70859375 0.328125 0.453125
14 0.528125 0.63046875 0.1703125 0.175
22 0.46640625 0.6125 0.1046875 0.1796875
27 0.51953125 0.81484375 0.2671875 0.3703125
11 0.6796875 0.61484375 0.2078125 0.146875
26 0.734375 0.76171875 0.3171875 0.2453125
30 0.73828125 0.88828125 0.20625 0.2140625
30 0.9015625 0.87421875 0.175 0.2296875
0 0.8265625 0.45703125 0.265625 0.46875
21 0.48359375 0.4421875 0.1125 0.190625
19 0.36953125 0.521875 0.153125 0.228125
15 0.56171875 0.48046875 0.13125 0.1890625