22 0.69296875 0.29453125 0.2546875 0.325
22 0.2296875 0.6625 0.459375 0.5359375
21 0.49375 0.45625 0.15 0.178125
11 0.64453125 0.65 0.2484375 0.23125
22 0.44609375 0.59453125 0.1390625 0.1765625
14 0.50078125 0.6234375 0.1765625 0.1703125
27 0.428125 0.79296875 0.365625 0.4140625
27 0.65859375 0.81328125 0.3359375 0.2859375
30 0.615625 0.9078125 0.240625 0.184375
30 0.7765625 0.9171875 0.221875 0.165625
0 0.82890625 0.55546875 0.3109375 0.4828125
15 0.57890625 0.47109375 0.128125 0.2
19 0.36015625 0.503125 0.2140625 0.2890625