22 0.728125 0.709375 0.3640625 0.4890625
21 0.5078125 0.46875 0.140625 0.1640625
22 0.54296875 0.60546875 0.1171875 0.203125
22 0.38671875 0.303125 0.1328125 0.153125
15 0.4296875 0.453125 0.140625 0.203125
19 0.6390625 0.525 0.1765625 0.2625
14 0.49375 0.640625 0.184375 0.1640625
27 0.51171875 0.82421875 0.28125 0.3515625
11 0.32421875 0.640625 0.203125 0.1953125
0 0.18125 0.475 0.2546875 0.465625
26 0.28515625 0.7875 0.296875 0.246875
30 0.30078125 0.90390625 0.2109375 0.1921875
30 0.13984375 0.90390625 0.1796875 0.1921875