22 0.6875 0.74609375 0.2890625 0.4453125
21 0.5140625 0.4703125 0.121875 0.1453125
22 0.5234375 0.6109375 0.0859375 0.1921875
22 0.4234375 0.2875 0.1140625 0.1375
15 0.4390625 0.44140625 0.1140625 0.1875
19 0.63125 0.5484375 0.1375 0.2390625
14 0.4703125 0.634375 0.1609375 0.1375
27 0.45703125 0.828125 0.2265625 0.328125
11 0.303125 0.6078125 0.1765625 0.16875
0 0.19140625 0.4203125 0.1796875 0.4421875
26 0.23828125 0.74609375 0.265625 0.203125
30 0.23046875 0.8765625 0.1796875 0.1921875
30 0.07421875 0.85546875 0.1484375 0.203125