22 0.665625 0.76171875 0.3265625 0.46875
21 0.51640625 0.471875 0.134375 0.1546875
22 0.5140625 0.6125 0.103125 0.1984375
22 0.4421875 0.28125 0.125 0.146875
15 0.44453125 0.4359375 0.1296875 0.196875
19 0.6265625 0.559375 0.1578125 0.25
14 0.45859375 0.63125 0.171875 0.1515625
27 0.42890625 0.8234375 0.2546875 0.346875
11 0.29453125 0.590625 0.190625 0.1828125
0 0.19921875 0.39375 0.2171875 0.45625
26 0.21796875 0.72265625 0.2828125 0.225
30 0.1984375 0.8515625 0.1953125 0.2078125
30 0.06328125 0.8171875 0.1265625 0.215625