22 0.6328125 0.2515625 0.1875 0.2859375
22 0.28125 0.7265625 0.3515625 0.4609375
21 0.4828125 0.459375 0.1140625 0.153125
11 0.678125 0.6078125 0.2078125 0.184375
22 0.47265625 0.60546875 0.1015625 0.15625
14 0.5328125 0.61875 0.1453125 0.1375
27 0.509375 0.8125 0.278125 0.375
27 0.734375 0.76171875 0.2890625 0.21875
30 0.7265625 0.89453125 0.1953125 0.203125
30 0.88671875 0.875 0.171875 0.21875
0 0.83203125 0.46875 0.203125 0.4453125
15 0.56875 0.4515625 0.0828125 0.184375
19 0.365625 0.5390625 0.153125 0.2578125