22 0.26953125 0.70703125 0.3671875 0.4921875
21 0.49375 0.46875 0.1453125 0.1640625
22 0.4546875 0.6078125 0.121875 0.2078125
22 0.615625 0.3046875 0.1375 0.15625
15 0.571875 0.4546875 0.1453125 0.2078125
19 0.36328125 0.525 0.1796875 0.2625
14 0.50625 0.640625 0.184375 0.1640625
27 0.4828125 0.821875 0.2859375 0.35625
11 0.6734375 0.64453125 0.2078125 0.1953125
0 0.81875 0.48046875 0.2625 0.46875
26 0.7125 0.7890625 0.3015625 0.25
30 0.69296875 0.90390625 0.2140625 0.1921875
30 0.85 0.90625 0.184375 0.1875