22 0.30859375 0.740625 0.2890625 0.4734375
19 0.37109375 0.55625 0.1328125 0.246875
21 0.47265625 0.475 0.0859375 0.1140625
15 0.5625 0.4546875 0.0859375 0.1375
22 0.5453125 0.296875 0.121875 0.109375
11 0.6796875 0.58984375 0.1640625 0.1875
22 0.47265625 0.61328125 0.09375 0.1875
14 0.525 0.646875 0.1609375 0.1296875
27 0.5390625 0.83359375 0.25 0.3328125
26 0.75625 0.7484375 0.278125 0.2078125
30 0.759375 0.8890625 0.1765625 0.2
30 0.9234375 0.865625 0.1453125 0.246875
0 0.81875 0.44140625 0.16875 0.453125