22 0.44296875 0.22421875 0.2046875 0.2953125
22 0.64765625 0.76640625 0.3796875 0.4671875
21 0.52890625 0.465625 0.121875 0.1609375
11 0.30234375 0.55546875 0.2171875 0.1953125
22 0.49609375 0.609375 0.1140625 0.159375
14 0.4375 0.60703125 0.153125 0.1453125
27 0.4 0.7984375 0.303125 0.403125
27 0.20546875 0.68671875 0.3015625 0.240625
30 0.175 0.815625 0.2078125 0.2140625
30 0.059375 0.7515625 0.11875 0.228125
0 0.19140625 0.378125 0.234375 0.4578125
15 0.44921875 0.4375 0.096875 0.1875
19 0.62421875 0.5765625 0.1703125 0.2671875