22 0.33984375 0.73828125 0.4953125 0.5234375
21 0.48515625 0.471875 0.1875 0.2
22 0.48828125 0.61640625 0.1765625 0.234375
22 0.553125 0.2796875 0.1765625 0.1890625
15 0.55546875 0.4359375 0.2 0.240625
19 0.3765625 0.5640625 0.2484375 0.303125
14 0.546875 0.6328125 0.225 0.2109375
27 0.5765625 0.8 0.378125 0.4
11 0.7078125 0.5875 0.25625 0.246875
0 0.79921875 0.38828125 0.3875 0.525
26 0.7875 0.7140625 0.3609375 0.3265625
30 0.80234375 0.8296875 0.2609375 0.246875
30 0.91875 0.78515625 0.1625 0.2328125