22 0.396875 0.240625 0.1609375 0.2703125
22 0.69375 0.74609375 0.309375 0.4296875
21 0.521875 0.4625 0.0984375 0.1453125
11 0.3140625 0.58984375 0.1921875 0.1640625
22 0.515625 0.60546875 0.0859375 0.1484375
14 0.45703125 0.615625 0.1328125 0.121875
27 0.45703125 0.81640625 0.2421875 0.3671875
27 0.24375 0.7359375 0.2703125 0.1921875
30 0.2359375 0.8671875 0.1765625 0.1875
30 0.0765625 0.8296875 0.153125 0.2078125
0 0.178125 0.43359375 0.1609375 0.4296875
15 0.4390625 0.4453125 0.0671875 0.1796875
19 0.634375 0.553125 0.1296875 0.246875